512 1
1 18755
2 13738
3 9679
4 3514
5 1903
6 1046
7 705
8 496
9 382
10 317
11 249
12 208
13 205
14 194
15 148
16 136
17 146
18 107
19 81
20 84
21 79
22 75
23 38
24 55
25 35
26 45
27 36
28 33
29 38
30 35
31 21
32 26
33 18
34 24
35 23
36 27
37 25
38 10
39 16
40 14
41 25
42 11
43 9
44 12
45 16
46 17
47 7
48 11
49 8
50 12
51 5
52 8
53 11
566 1
1033 2
56 6
57 10
58 7
59 7
60 7
61 3
62 5
63 10
64 5
65 7
66 7
67 4
68 6
70 7
71 5
72 6
73 7
74 3
75 4
76 2
77 6
78 3
79 6
80 3
81 6
514 1
83 3
84 1
86 3
87 1
89 3
90 3
91 3
92 4
93 2
94 3
95 5
96 2
98 3
100 1
101 1
102 2
103 3
104 1
105 1
106 4
107 3
108 3
532 1
111 4
112 2
113 2
114 1
531 1
116 3
117 3
118 1
120 4
1145 1
122 5
123 2
124 1
125 1
533 1
128 3
129 1
130 1
132 2
133 3
4742 1
135 1
136 1
137 2
138 2
1163 1
141 1
142 1
655 1
144 2
145 1
658 1
147 2
151 1
664 1
1050 1
158 1
162 1
163 1
164 2
165 1
4262 1
167 1
169 1
173 3
175 2
176 1
1713 1
178 3
1203 1
180 1
4281 1
187 1
190 2
191 1
198 2
201 1
206 1
208 1
210 2
211 1
212 2
213 1
121 1
293 1
224 1
227 2
229 1
248 1
1274 1
253 1
254 1
261 2
267 1
271 2
275 1
1304 1
179 1
284 1
645 1
291 1
134 3
296 1
301 1
306 1
1332 1
309 1
310 1
223 1
317 1
215 1
832 1
322 1
836 1
54 11
626 1
55 7
1874 1
341 1
569 1
143 3
1375 1
2402 1
571 1
366 1
1391 1
373 1
378 1
384 1
386 1
906 1
1420 1
678 1
1431 1
325 1
930 1
432 1
447 1
454 1
1100 1
458 1
461 1
464 1
467 1
479 1
1104 1
483 1
166 1
1000 1
82 2
494 1
503 1
596 1
