1 20895
2 7810
3 4632
4 3419
5 2495
6 1587
7 1294
8 1258
9 936
10 718
11 576
12 548
13 435
14 441
15 356
16 398
17 325
18 280
19 245
20 224
21 194
22 150
23 169
24 175
25 121
26 118
27 93
28 105
29 86
30 89
31 95
32 98
33 86
34 82
35 74
36 83
37 60
38 47
39 55
40 59
41 53
42 52
43 47
44 45
45 41
46 44
47 32
48 49
49 27
50 38
51 38
52 30
53 28
54 32
55 28
56 35
57 27
58 29
59 29
60 29
61 23
62 26
63 23
64 23
65 25
66 22
67 28
68 8
69 18
70 16
71 13
72 19
73 22
74 17
75 15
76 18
77 10
78 14
79 14
80 19
81 15
82 13
83 12
84 8
85 15
86 10
87 9
88 8
89 7
90 9
91 10
92 7
93 15
94 4
95 11
96 14
97 6
98 12
99 10
100 6
101 3
102 9
103 3
104 8
105 11
106 6
107 10
108 8
109 7
110 7
111 6
112 6
113 11
114 6
115 5
116 5
117 5
118 8
119 8
120 1
121 3
122 10
123 6
124 3
125 12
126 2
127 6
128 3
129 6
130 7
131 7
132 8
133 1
134 4
135 3
136 7
137 4
138 3
139 7
140 5
141 6
142 3
143 9
144 5
145 4
146 1
147 5
148 1
149 2
150 7
151 4
152 6
153 6
154 4
155 7
156 5
157 3
158 4
159 6
160 2
161 1
2210 1
163 4
164 6
165 6
166 1
167 2
168 3
169 6
170 4
171 2
172 4
173 5
174 5
175 7
176 4
177 2
178 2
180 1
181 6
182 3
183 5
184 1
185 2
186 2
187 2
188 1
189 2
190 5
191 5
193 2
194 7
195 4
196 2
197 2
198 2
200 2
201 4
203 1
204 3
206 1
207 3
208 1
209 3
210 7
213 1
215 1
216 1
220 3
221 3
222 3
223 3
224 3
225 3
226 3
227 2
2276 1
229 2
230 3
231 2
233 1
235 1
237 1
239 2
240 3
241 3
242 2
244 2
245 1
247 4
248 1
251 2
253 2
254 2
255 1
256 1
257 2
258 1
259 2
261 1
262 2
265 1
267 1
271 1
272 2
273 1
274 1
275 1
276 3
277 1
278 1
280 1
281 1
283 1
284 4
285 2
288 2
290 1
291 1
292 2
293 1
294 1
295 2
297 2
299 1
301 1
302 2
303 2
306 2
307 1
308 1
309 1
310 2
315 2
316 1
324 1
325 1
327 1
328 2
2378 1
331 4
332 1
333 1
334 1
335 1
336 3
340 1
343 1
344 2
345 1
351 1
352 3
353 1
356 1
358 2
359 2
360 3
361 1
364 1
365 2
368 2
371 1
375 1
378 2
380 2
381 1
384 1
385 1
387 1
389 2
391 1
393 1
404 1
2116 1
411 1
416 1
418 1
419 1
420 1
421 1
4522 1
2475 1
2477 1
434 1
435 1
437 2
438 1
440 1
442 1
444 1
446 1
447 2
454 1
456 2
460 1
463 1
464 1
465 1
2514 1
467 1
469 2
470 1
475 2
476 1
479 1
481 1
484 1
492 1
493 1
494 1
500 1
502 2
509 1
511 1
512 1
515 1
518 1
526 2
429 1
528 1
4625 1
530 1
537 1
543 1
546 1
548 1
551 1
552 1
555 1
557 1
560 1
561 1
570 1
571 1
572 1
575 1
582 1
583 1
584 1
595 2
596 1
612 1
623 1
652 2
657 1
659 1
661 1
2720 1
675 1
681 1
684 1
686 1
691 1
699 1
701 1
719 1
2779 1
733 2
742 1
771 1
776 1
2178 1
784 1
790 1
804 1
805 1
808 1
809 2
2859 1
814 1
815 1
817 1
823 1
825 1
831 1
834 1
838 1
848 1
859 1
861 1
871 1
885 1
896 1
898 1
938 1
942 1
951 1
976 1
981 1
993 1
994 1
1003 1
1016 1
1033 1
1035 1
1039 1
1041 1
1049 1
1050 1
1088 1
1099 1
1106 1
3161 1
1129 1
1136 1
1167 1
1170 1
1171 1
1178 1
1244 1
1249 1
3301 1
2089 1
1302 1
1322 1
1335 1
228 1
1372 1
3421 1
1390 1
1399 1
1407 1
1432 1
1434 1
1447 1
1465 1
1469 1
1494 1
5612 1
1519 1
3597 1
1588 1
1589 1
1639 1
1671 1
1698 1
1784 1
1907 1
1962 1
330 1
