512 898
1 50
2 3
3 1
4 7
5 24
6 2
7 8
8 11
9 22
10 19
11 235
12 3
13 9
14 7
15 12
16 7
17 30
18 82
19 8
20 5
21 41
22 103
23 10
24 13
25 29
26 5
27 43
28 6
29 2
30 27
31 67
32 143
33 100
34 80
35 17
36 11
37 122
38 19
39 34
40 38
41 41
42 66
43 75
44 56
45 14
46 8
47 307
48 283
49 14
50 470
51 25
52 12
53 30
566 251
1033 2
56 41
57 22
58 140
59 220
60 35
61 381
62 17
63 116
64 4
65 1698
66 17
67 89
68 183
70 111
71 226
72 58
73 98
74 144
75 31
76 176
77 17
78 55
79 215
80 140
81 204
514 210
83 138
84 262
86 255
87 371
89 29
90 4
91 19
92 871
93 284
94 190
95 173
96 16
98 27
100 13
101 11
102 194
103 24
104 91
105 44
106 16
107 336
108 78
532 108
111 178
112 44
113 90
114 11
531 169
116 93
117 3
118 1589
120 378
1145 33
122 442
123 22
124 137
125 22
533 557
128 4
129 130
130 195
132 3
133 18
4742 2477
135 102
136 164
137 72
138 160
1163 226
141 938
142 500
655 20
144 108
145 54
658 191
147 169
151 254
664 227
1050 1035
158 583
162 4
163 344
164 328
165 2
4262 168
167 222
169 1335
173 50
175 52
176 16
1713 1494
178 157
1203 6
180 360
4281 2779
187 25
190 6
191 159
198 50
201 7
206 25
208 230
210 494
211 1302
212 456
213 173
121 12
293 242
224 56
227 15
229 102
248 976
1274 182
253 43
254 83
261 14
267 66
271 530
275 72
1304 570
179 31
284 156
645 475
291 180
134 885
296 1907
301 225
306 325
1332 1390
309 13
310 560
223 44
317 375
215 1136
832 6
322 59
836 43
54 9
626 88
55 30
1874 1588
341 4
569 6
143 95
1375 815
2402 1171
571 1407
366 92
1391 469
373 675
378 201
384 145
386 67
906 17
1420 70
678 771
1431 7
325 22
930 64
432 484
447 3301
454 93
1100 242
458 3597
461 2089
464 153
467 859
479 71
1104 808
483 686
166 1962
1000 67
82 652
494 365
503 681
596 389
